1.20
1.52
1.49
1.37
1.57
1.50
1.43
1.55
1.52
1.55
1.33
1.32
1.52
1.60
1.87
1.75
2.05
2.16
2.15
1.79
1.68
1.88
1.58
1.51
1.89
2.18
2.09
1.95
1.96
2.03
2.25
2.50
2.52
2.90
2.89
3.03
3.10
3.25
3.07
3.61
3.41
3.51
3.93
4.20
4.11
3.84
3.75
3.52
3.78
4.23
4.54
4.49
4.31
4.45
4.25
3.87
3.79
3.54
3.97
3.69
3.53
3.55
3.60
3.47
3.37
3.51
3.55
3.30
3.38
3.18
3.22
3.16
2.85
2.94
3.09
3.16
3.32
3.42
3.68
3.48
3.36
3.38
2.96
2.94
3.10
2.89
3.02
3.02
3.34
3.17
3.24
3.50
3.88
3.67
3.45
3.33
3.74
3.89
4.02
4.34
4.37
4.47
4.52
4.30
4.16
4.04
3.85
3.70
3.85
3.70
3.79
4.03
4.11
3.87
3.64
3.47
3.63
3.44
3.44
3.54
3.75
3.52
3.29
3.25
3.23
3.32
3.35
3.27
3.08
2.88
2.41
2.69
2.54
2.61
2.22
2.09
2.14
2.06
1.84
1.96
1.98
2.04
2.04
2.09
2.37
2.31
2.49
2.58
2.69
2.58
3.14
3.07
3.09
3.23
2.79
2.64
2.60
2.86
3.02
3.25
3.44
3.33
3.59
3.50
3.48
3.32
3.19
3.27
3.44
3.50
3.24
3.44
3.52
3.55
3.36
3.27
3.41
3.41
3.43
3.45
3.68
4.01
4.01
4.02
4.00
3.81
3.39
3.66
3.65
3.91
3.49
3.17
